x = 47.934721
y = 512.0053
z = 41.888541

print x, y, z
print "x={0:5.2f}, y={1}, z={2}".format(x, y, z)