x = 47.934721
y = 512.0053
z = 41.888541

print x, y, z
print "{1}".format(x, y, z)